Transaction, Amount(USD), Balance(USD)
Sign on bonus,100.00 ,100.00
Deposit,60,160.00
Withdrawal,50, 110.00
Deposit,60,170.00
Withdrawal,50, 120.00
Deposit,60,180.00
Deposit,65.838978,245.84
Deposit,89.00,334.84
Withdrawal,90.00, 244.84
Withdrawal,48.31, 196.53
Deposit,59.26,255.79
Deposit,65.36,321.15
Withdrawal,66.09, 255.06
